"Unnamed: 0" "Unnamed: 1"
1 "05:34 23.86 -05:15:40.3"
2 "05:35:28.6 -04:55:03"
3 "05:34:55.63 -06:01:03.6"
4 "05:35:03.26 -04:49:20.9"
5 "05:35:03.92 -05:29:03.3"
6 "05:35:29.89 -05:12:10.3"
10 "05 34 52.49 -04 49 40.4"
11 "05 36 47.17 -05 22 50.0"
13 "05 41 24.51 -08 56 32.0"
17 "05 34 51.74 -04 40 05.94*"
18 "05 35 11.13 -05 36 51.1"
19 "05 35 15.54 -05 25 14.0"
20 "05 35 28.13 -05 23 06.4"
21 "05 35 31.54 -05 40 27.8"
22 "05 35 36.45 -04 21 30.4"
23 "05 35 54.08 -05 28 32.7"
24 "05 36 01.85 -05 17 36.5"
27 "05 34 27.67 -05 37 19.2"
28 "05 35 01.38 -06 15 17.5"
29 "05 35 11.21 -05 17 20.90"
30 "05 35 12.14 -05 31 38.8"
31 "05 35 12.36 -05 43 18.4"
33 "05 35 17.55 -04 53 03.7"
34 "05 35 30.02 -04 34 27.6"
35 "05 35 43.11 -04 24 55.6"
36 "05 35 44.63 -04 50 09.8"
40 "05 35 43.37 -06 22 19.5"
41 "05 36 17.23 -06 17 24.5"
45 "05 40 20.47 -09 11 57.2"
49 "05 41 33.38 -07 59 56.2"
50 "05 42 01.51 -07 56 15.3"
51 "05 42 23.93 -08 09 45.9"
53 "05 34 45.56 -05 29 20.9"
54 "05 34 54.31 -04 54 12.9"
55 "05 35 13.52 -05 27 28.6"
56 "05 35 21.47 -05 57 42.1"
57 "05 35 42.61 -05 26 08.3"
59 "05 34 39.03 -04 55 28.8"
60 "05 34 48.23 -04 47 40.1"
61 "05 35 02.0 -05 20 55.0"
62 "05 35 04.63 -05 09 55.7"
63 "05 35 23.62 -05 20 03.26*"
64 "05 36 37.08 -05 04 41.46*"
67 "05 34 30.207 -04 58 30.42"
68 "05 34 40.87 -05 22 42.24"
69 "05 34 52.763 -05 00 50.91"
70 "05 34 59.01 -05 44 29.50*"
71 "05 34 59.12 -05 44 30.85*"
72 "05 35 12.59 -05 23 44.16"
73 "05 35 16.408 -04 58 02.0"
74 "05 35 17.92 -05 15 32.76"
75 "05 35 23.23 -04 43 02.90"
76 "05 35 25.676 -04 57 18.35"
77 "05 35 26.589 -04 56 06.71**"
78 "05 35 27.05 -04 56 03.02*"
79 "05 35 29.307 -05 45 38.17"
80 "05 35 32.34 -05 18 07.80"
81 "05 36 05.655 -05 52 13.08"
82 "05 33 29.386 -05 07 49.1"
83 "05 33 35.714 -05 09 23.5"
84 "05 33 36.441 -04 49 49.02"
85 "05 34 27.836 -05 43 31.52"
86 "05 34 28.52 -05 24 57.96"
87 "05 34 35.681 -05 35 52.09"
88 "05 34 49.98 -05 18 44.64"
89 "05 34 52.339 -05 30 08.01"
90 "05 34 53.12 -05 47 42.5"
91 "05 34 57.452 -05 30 42.02"
92 "05 35 02.497 -05 33 09.95"
93 "05 35 02.84 -05 51 03.1"
94 "05 35 03.036 -04 59 59.8"
96 "05 35 05.63 -05 25 19.52*"
97 "05 35 06.08 -05 52 39.3"
98 "05 35 06.59 -05 59 51.4"
100 "05 35 07.24 -04 50 25.4"
101 "05 35 09.96 -05 57 11.9"
102 "05 35 11.97 -05 20 33.1"
103 "05 35 12.9 -05 59 38.5"
104 "05 35 14.668 -05 08 52.08"
105 "05 35 15.758 -05 21 39.82"
106 "05 35 17.139 -05 12 39.41"
107 "05 35 18.098 -04 31 19.33"
108 "05 35 20.04 -05 21 05.9**"
109 "05 35 20.22 -05 20 57.02*"
110 "05 35 19.77 -05 21 10.68*"
111 "05 35 22.817 -05 44 42.89"
112 "05 35 23.97 -05 59 41.9"
113 "05 35 24.25 -05 25 18.48"
114 "05 35 24.43 -05 24 39.8"
115 "05 35 24.70 -05 24 44.16*"
117 "05 35 26.06 -05 08 37.9**"
118 "05 35 26.16 -05 08 33.49*"
119 "05 35 26.417 -05 55 26.68"
120 "05 35 30.48 -05 24 23.0"
121 "05 35 30.913 -05 18 17.95**"
122 "05 35 30.70 -05 18 07.18*"
123 "05 35 32.52 -05 26 10.4"
124 "05 35 33.14 -05 47 07.44"
125 "05 35 33.456 -04 56 01.76"
127 "05 35 34.093 -04 32 37.01"
128 "05 35 37.341 -06 00 00.21"
129 "05 35 38.214 -05 14 19.02"
130 "05 35 39.07 -05 08 56.4"
131 "05 35 39.495 -04 40 19.42"
133 "05 35 43.24 -05 09 17.1"
134 "05 35 48.853 -05 00 28.56"
135 "05 36 03.355 -04 57 40.48"
136 "05 36 06.61 -05 41 54.23"
137 "05 36 06.32 -05 41 56.56*"
